[test3.jpg]
filters=finetune2=1,0.023392,0.000000,0.000000,00000000,0.029240;unsharp2=1,0.600000;
moddate=8837cf30d07fd201
width=750
height=500
textactive=0
